FamilyID	Populus_trichocarpa<0>	Arabidopsis_thaliana<1>	<2>	Vitis_vinifera<3>	Oryza_sativa<4>	Zea_may<5>	Sequoiadendron_giganteum<6>	Pinus_lambertiana<7>	<8>	<9>	Salvinia_cucullata<10>	Azolla_filiculoides<11>	<12>	Gnetum_montanum<13>	<14>	Amborella_trichopoda<15>	<16>	Ceratopteris_richardii<17>	<18>	<19>	Klebsormidium_flaccidum<20>	Volvox_carteri<21>	<22>	<23>	Spirogloea_muscicola<24>	Mesotaenium_endlicherianum<25>	<26>	Chara_braunii<27>	<28>	Selaginella_moellendorffii<29>	<30>	<31>	<32>	<33>	<34>	Anthoceros_angustus<35>	Physcomitrella_patens<36>	<37>	Marchantia_polymorpha<38>	<39>
OG0000113	+3	+1	+1	-1	-1	+4	+4	+8	+1	+2	-2	-1	+1	-7	+1	-8	-4	+26	+1	-1	+1	+5	+1	+1	-4	-2	+0	-2	+1	-3	-2	+0	+0	-2	+0	-2	+8	-1	+0	+0
OG0000177	+1	+0	+0	+0	-2	+3	+3	+2	+0	+1	-2	+0	+1	-2	+0	-2	-2	+18	+0	+0	-3	+8	+3	+1	+2	-2	+0	-2	+1	-2	+0	+0	+0	-2	+0	-2	+2	+0	-2	+0
OG0000302	+1	+0	+0	+0	-2	+1	+1	+4	+0	-1	+1	-2	+0	-2	+0	-2	+0	+4	+1	+0	+1	-5	+1	+1	+5	-1	+0	+1	+0	-2	+0	+0	+0	+0	+0	-2	+2	+0	+0	+0
OG0000364	+1	+1	+0	-1	-1	+3	-2	+11	+0	+0	+1	-2	+0	-2	+0	+0	+0	+3	+0	+0	-2	+0	+0	+1	+2	+0	+0	-2	+1	-1	+0	+0	+0	-1	+0	-1	+2	+0	-3	+0
OG0000455	+1	-2	+0	+1	+0	-1	+0	+7	+1	-1	+3	+0	+0	-2	+0	+0	+0	+1	+0	+0	-1	-2	+2	+2	+0	-1	+0	+0	+2	-3	+0	+0	+0	+0	+0	-1	+1	+0	-1	+0
OG0000688	+2	+1	+0	+0	+2	-2	-2	+2	+0	+1	+0	+0	+0	+1	+0	-1	+0	+1	+0	+1	+1	-2	-1	+1	-1	-1	+0	+0	+0	-2	-1	+0	+0	-2	+0	+4	-1	+0	+1	+0
OG0000701	+1	-2	+0	+0	+0	+0	+0	-3	+0	-2	+0	+2	+0	+1	+0	+8	+1	-1	+0	+2	-1	-2	+0	+1	+5	+1	+0	+0	+0	-1	+0	+0	+0	+0	+0	+0	-1	+0	-1	+0
OG0000758	+1	-1	+0	+0	+1	+0	+1	+1	+0	+1	+0	+0	+0	+1	+0	-1	+0	+1	+0	+0	-1	-1	+0	+1	+1	+0	+0	-1	+1	-1	+0	+0	+0	-1	+0	-1	+4	+0	-1	+0
OG0000803	+1	+1	+1	+0	-1	+2	+0	+6	+0	+0	-1	+2	+0	-1	+0	-1	+0	+0	+0	+0	-1	-2	+0	+1	+2	+0	+0	-1	+0	+1	+0	+0	+0	+0	+0	-1	+2	+0	-1	+0
OG0000804	+0	+1	+0	+0	-1	+2	+1	+2	+1	+0	-1	+0	+0	-2	+1	-1	-1	+5	+0	+0	+0	-1	+0	+0	-1	+0	+0	+2	+0	+2	+0	+0	+1	-2	+0	-2	+5	+0	-2	+0
OG0000854	+0	+0	+0	-1	-1	+2	+0	+1	+0	+0	+0	-1	+0	+2	+0	+0	+0	+1	+1	-1	-1	-2	+1	+0	+0	-1	+0	+1	+0	-1	+0	+0	+0	-1	+0	+3	-1	+0	-2	+0
OG0000904	+3	-1	+0	-1	+0	+1	+1	+0	+0	+0	+0	-1	+0	-1	+0	-2	+0	+2	+0	+0	+0	-2	+0	+0	+1	-1	+0	-2	+0	-2	+0	+0	+0	-1	+0	-3	+5	+0	-1	+0
OG0000989	+0	+0	+0	+0	+0	+0	+2	+2	+0	+0	-2	+0	+1	-1	+0	-2	+0	+1	+0	+0	-1	+0	+0	+1	+2	-1	+0	+0	+0	-1	+0	+0	+0	+0	+0	-2	+1	+0	-1	+0
OG0001006	+3	+0	+0	-2	+1	+0	+1	+4	+0	+0	+0	+0	+0	-2	+0	-2	+0	+0	+0	+0	-1	+1	+1	+1	+1	-1	+0	+3	+1	+0	+0	+0	+0	+0	+0	-1	+0	+0	-1	+0
OG0001422	+1	-1	+0	-1	-1	+0	+1	+3	+0	-2	+0	+0	+0	+1	-1	+2	-1	+0	+2	+0	+0	-1	-1	+3	+0	+0	+0	-1	+0	-1	+0	+0	+0	-1	+0	-1	+0	+0	+0	+0
OG0001500	+1	+0	+0	+0	-1	+0	+0	+2	+0	+0	+1	+0	+0	-1	+0	+0	+0	+0	+0	+0	+1	-1	+0	+1	+1	+0	+0	+0	+0	+0	+0	+0	+0	+0	+0	+0	+1	+0	+0	+0
OG0001623	+2	+0	+0	+0	+0	+1	+1	+0	+0	+1	+1	+0	+0	+0	+0	+0	+0	+3	+0	+0	-1	-1	+1	+0	+1	-1	+0	+0	+0	+1	+0	+0	+0	+0	+0	+0	+0	+0	-1	+0
OG0001628	+1	+0	+0	-1	+0	+1	-1	+4	+0	+1	+0	+1	+0	+0	+0	-2	+0	+0	+0	+0	+0	+0	+1	+1	+3	+0	+0	+0	+1	+0	+0	+0	+0	+0	+0	+0	+0	+0	+0	+0
OG0001639	+1	+0	+0	+0	+0	+0	+1	+2	+0	+0	-1	+0	+0	-3	+0	+1	+0	+0	+0	+0	-1	-1	+0	+2	-1	-1	+0	+0	+0	-1	+0	+0	+0	-1	+0	-1	+2	+0	+1	+0
OG0001660	+0	-2	+0	+1	-2	+3	+0	+1	+1	+0	+0	+1	+0	-1	+1	-1	+0	+0	+0	+0	-1	-2	+0	+1	-2	+0	+0	+0	+0	+0	+0	+0	+0	+0	+0	-1	+0	+0	-1	+0
OG0001666	+0	+0	+0	+2	+0	-2	+3	+1	+0	+0	+0	+2	+1	-2	+0	-1	+1	-1	+0	+0	+0	-1	+0	+0	-1	+1	+0	+0	+1	-1	+0	+0	+0	-1	+0	+0	-1	+0	+0	+0
OG0001740	+0	+0	+0	-1	+0	-1	-1	+2	-1	+0	+0	+0	+0	-1	+0	+0	+0	-1	+0	+0	-1	-1	+0	+0	+1	-1	+0	+0	+0	-1	+0	+0	+0	-1	+0	+0	+3	+0	-1	+0
OG0001848	+1	+2	+1	+0	+0	+1	-1	+0	+0	+1	+0	+0	+0	-1	+0	+0	+0	-1	+0	+0	+0	-1	+0	+0	-1	+0	+0	+0	+0	+4	+0	+0	+0	+0	+0	+1	+0	+0	-1	+0
OG0001903	+1	+0	+0	+0	+0	+0	+1	+0	+0	+0	-1	+0	+0	+0	+0	+1	+0	+0	+0	+0	-1	-1	+0	+1	+1	-1	+0	-1	+0	-1	+0	+0	+0	+0	+0	-1	+0	+0	+0	+0
OG0001928	+1	+0	+0	+0	+0	+0	+3	-1	+1	-1	+0	+0	+0	+0	+0	+0	+0	+0	+0	+0	-1	-1	+0	+0	+1	+1	+0	-1	+0	+1	+0	+0	+0	+0	+0	+0	+1	+0	+1	+0
OG0001953	+1	+1	+0	-1	-1	+1	+0	+1	+0	+0	+1	+0	+0	+1	+0	-2	+0	+0	+0	+0	+0	+0	+1	+1	+2	+0	+0	+0	+1	+0	+0	+0	+0	+0	+0	-1	+0	+0	+0	+0
OG0002135	+1	+0	+0	-1	+0	+1	+0	+0	+0	+0	+0	-2	+0	+0	+0	+0	+0	+8	+0	+0	-1	-2	+1	+0	+1	-1	+0	-1	+0	-2	+0	+0	+0	+0	+0	-1	+1	+0	-1	+0
OG0002162	+1	-1	+0	-1	+2	+0	+2	+2	+0	+0	+0	+1	+1	-1	+0	-1	+0	-1	+0	+0	+2	-2	+0	+0	+1	+1	+0	+0	+0	-1	+0	+0	+0	+0	+0	-1	-1	+0	-1	+0
OG0002223	+0	+4	+0	+0	+0	+1	-1	+0	+0	+0	+0	+0	+0	-1	+0	-1	+0	+0	+0	+0	-1	-1	+0	+0	+2	-1	+0	+0	+0	+0	+0	+0	+0	+0	+0	+0	+0	+0	+1	+0
OG0002228	+1	+0	+0	-1	-2	+1	-1	+0	+0	+0	+0	+1	+0	+0	+0	+2	+0	+0	+0	+0	+2	-1	+0	+1	-1	-1	+0	+0	+0	-1	+0	+0	+0	-1	+0	-1	+0	+0	+0	+0
OG0002245	+0	-1	+0	+1	+0	+0	+4	+0	+1	-1	+0	+0	+0	+1	+0	-1	+0	+0	+0	+0	-1	-1	+0	+0	+1	-1	+0	+2	+0	-1	+0	+0	+0	+0	+0	-1	+0	+0	-1	+0
OG0002360	+1	+0	+0	-1	+0	+0	+0	+2	+0	+0	-1	+0	+0	-1	+0	+0	+0	+4	+0	+0	-1	+0	+1	+0	+1	-1	+0	-1	+0	-2	+0	+0	+0	+0	+0	-1	+0	+0	-1	+0
OG0002427	+2	+0	+0	+0	+0	+0	+1	+3	+0	+0	-1	+0	+0	+0	+0	+0	+0	+1	+0	+0	-1	-1	+0	+0	+1	-1	+0	-1	+0	-1	+0	+0	+0	+0	+0	-1	+0	+0	-1	+0
OG0002450	+0	+1	+0	+0	+0	+0	+1	+1	+0	+0	+1	+0	+0	+0	+0	+0	+0	+1	+0	+0	-1	-1	+0	+0	+1	-1	+0	-1	+0	+0	+0	+0	+0	+0	+0	-1	+0	+0	-1	+0
OG0002711	+2	+0	+0	+0	-1	+2	+0	+0	+0	+1	-1	+0	+0	+0	+0	+0	+0	-1	+0	+0	-1	-2	+0	+0	+1	-1	+0	-1	+0	-1	+0	+0	+0	+0	+0	+0	+0	+0	-1	+0
OG0002733	+1	-1	+0	+0	+0	+0	+2	+0	+1	+0	+0	+0	+0	+0	+0	-1	+0	+1	+0	+0	-1	-1	+0	+0	-1	+0	+0	+1	+0	-1	+0	+0	+0	-1	+0	+0	+1	+0	-1	+0
OG0002768	+1	+0	+0	+0	+1	-1	-2	-1	+0	+0	-1	+1	+0	+2	+0	-1	+0	+0	+0	+0	-1	-1	+0	+0	+1	-1	+0	+0	+0	+1	+0	+0	+0	+0	+0	+0	+0	+0	-1	+0
OG0002780	+1	+0	+0	-1	+0	+0	+0	-1	+0	-1	+2	-1	+0	+0	+0	+0	+0	+1	+0	+0	-1	-1	+0	+0	+1	-1	+0	-1	+0	+0	+0	+0	+0	+0	+0	-1	+2	+0	+0	+0
OG0002782	-1	+0	+0	-1	+0	+0	+1	+2	+0	+1	-1	+0	+0	+0	+0	-1	+0	+0	+0	+0	-1	-2	+0	+0	+1	-1	+0	-1	+0	+0	+0	+0	+0	+0	+0	-1	+2	+0	-1	+0
OG0002873	+0	-1	+0	-1	+1	-1	+0	+3	+0	+0	+0	+0	+1	-1	+0	+0	+0	+1	+0	+0	+0	+0	+0	+1	+4	+0	+0	+0	+0	+0	+0	+0	+0	+0	+0	+0	+1	+0	+0	+0
OG0002971	+2	+0	+0	+0	+1	-1	+1	+2	+0	+0	+0	-1	+0	+0	+0	+0	+0	+1	+0	+0	+0	+0	+0	+1	+1	+0	+0	+0	+0	+0	+0	+0	+0	+0	+0	+1	+0	+0	+0	+0
OG0003159	+2	+0	+0	+0	-1	+1	+0	+0	+0	+0	+0	+0	+0	+0	+1	+0	+0	+0	+0	+0	+0	+0	+0	+0	+5	+0	+0	+1	+0	+0	+0	+0	+0	+0	+0	+0	+2	+0	+0	+0
OG0003271	+0	-1	+0	+4	+0	-1	-1	+1	+0	+0	+0	+0	+0	-1	+0	-1	+0	+0	+0	+0	+0	-1	-1	+0	+1	+1	+0	-1	+0	-2	+0	-1	+0	+0	+0	+0	+2	+0	-1	+0
OG0003324	+0	+0	+0	+0	+0	+0	-1	+1	+0	+0	+1	+0	+0	+0	+0	+0	+0	+1	+0	+0	-1	-1	+0	-1	+2	-1	+0	+0	+0	+0	+0	+0	+0	+0	+0	-1	+2	+0	+0	+0
OG0003458	+0	+0	+1	+0	+0	+1	+0	+1	+0	+0	+3	+0	+0	+0	+0	+0	+1	+0	+0	+0	+0	+0	+0	+0	+2	+0	+0	+0	+0	+0	+0	+0	+0	+0	+0	+0	+2	+0	+0	+0
OG0003530	+2	+0	+0	+0	+0	+1	+0	+0	+0	+0	-1	+0	+0	-1	+0	+0	+0	+0	+0	+0	+0	-1	+0	+1	+2	+0	+0	-1	+0	+0	+0	+0	+0	+0	+0	+0	+3	+0	+0	+0
OG0003656	+0	+0	+0	-1	+2	+0	-1	+1	+0	+1	+0	+0	+0	+0	+0	-1	+0	+0	+0	+0	+0	+0	+0	+0	-1	-1	+0	+0	+1	-1	+0	+0	+0	+0	+0	+0	+1	+0	+0	+0
OG0003720	+0	-1	+0	-1	+0	+0	+0	+0	+0	+0	+0	+1	+0	-1	+0	-1	+0	+0	+0	+0	-1	-1	+0	+0	+1	-1	+0	-1	+0	-1	+0	+0	+0	+0	+0	+0	-1	+0	-1	+0
OG0003909	+0	-1	+0	+0	+3	+0	+0	+0	+0	+1	-1	+0	+0	+0	+1	+0	+0	+0	+0	+0	+0	+0	+1	+0	-1	+0	+0	+0	+0	+0	+0	+0	+0	+0	+0	+0	+1	+0	+0	+0
OG0004086	+1	+0	+0	+0	+0	+0	+1	+0	+1	+0	+0	+0	+0	+0	+0	+0	+0	+0	+0	+0	+0	+0	+0	+0	+2	+0	+0	+0	+0	+0	+0	+0	+0	+0	+0	+2	+1	+0	+0	+0
OG0004095	+0	+0	+0	+0	+0	+2	+1	+1	+0	+1	+0	+0	+0	+0	+0	+0	+0	+0	+0	+0	+0	+0	+0	+0	+2	+0	+0	+0	+0	+0	+0	+0	+0	+0	+0	+0	+2	+0	+0	+0
OG0004113	+1	+0	+0	+0	+0	+0	+3	+0	+0	+0	+0	+0	+0	+1	+0	+1	+0	+0	+0	+0	+0	+0	+0	+0	+3	+0	+0	+0	+0	+0	+0	+0	+0	+0	+0	+0	+1	+0	+0	+0
OG0004142	+0	+0	+0	+0	+0	+0	+0	+1	+0	-1	-1	+1	+0	+0	+0	+0	+0	+0	+0	+1	+0	+0	+0	+0	+2	+0	+0	+2	+0	+0	+0	+0	+0	+0	+0	+0	+1	+0	+0	+0
OG0004148	+1	+0	+0	+0	+0	+1	-1	+1	+0	+0	+0	+0	+0	+5	+0	+0	+0	+0	+0	+0	+0	-1	+0	+0	+3	+0	+0	+1	+0	-1	+0	+0	+0	+0	+0	+0	+1	+0	+0	+0
OG0004158	+0	-1	+0	+0	-1	+3	+0	+2	+0	+1	+0	+1	+0	+0	+1	+0	+0	+0	+0	+0	+0	+0	+0	+0	-1	+0	+0	+0	+0	+0	+0	+0	+0	+0	+0	+0	+0	+0	+0	+0
OG0004161	+0	+0	+0	+0	+0	+0	+2	+0	+0	+0	+0	+0	+0	+0	+0	+0	+0	+0	+1	+0	+0	+0	+0	+0	+2	+0	+0	+0	+0	+2	+0	+0	+0	+0	+0	+1	+0	+0	+0	+0
OG0004377	+0	+1	+0	+0	+0	+1	+1	+1	+0	+0	+0	+2	+0	+0	+0	+0	+0	+0	+0	+0	+0	+0	+0	+0	+2	+0	+0	+0	+0	+0	+0	+0	+0	+0	+0	+0	+1	+0	+0	+0
OG0004402	+0	+0	+0	+0	+1	+0	+1	+2	+0	+0	+0	+0	+0	+0	+0	+0	+0	+0	+0	+0	+0	+1	+0	+0	+2	+0	+0	+1	+0	+0	+0	+0	+0	+0	+0	+0	+1	+0	+0	+0
OG0004937	+1	+0	+0	+0	+0	+0	+0	+1	+0	+1	+0	+0	+0	+0	+0	+0	+0	+1	+0	+0	+0	+0	+0	+0	+2	+0	+0	+0	+0	+0	+0	+0	+0	+0	+0	+0	+0	+0	+0	+0
OG0004945	+1	+0	+0	+0	+0	+1	+1	+0	+0	+0	-1	+0	+0	+0	+0	+0	+0	+0	+0	+0	-1	-1	+0	+0	+1	+0	+0	+0	+0	+0	+0	+0	+0	+1	+0	+0	+1	+0	+0	+0
OG0004972	+1	+0	+0	+0	+0	+1	-1	+0	+1	+0	+0	+0	+0	+0	+0	+0	+0	+0	+0	+0	-1	-1	+0	+0	+1	+0	+0	+0	+0	-1	+0	+0	+0	+1	+0	+0	+0	+0	+0	+0
OG0005001	+1	+0	+0	+0	+0	+1	+0	+0	+0	+0	+0	+0	+0	+0	+0	+0	+0	+0	+0	+0	+0	+0	+0	+0	+3	+0	+0	+0	+0	+1	+0	+0	+0	+0	+0	+0	+1	+0	+0	+0
OG0005036	+0	+0	+0	+0	+0	+0	+1	+0	+0	+0	-1	+0	+0	+0	+0	+0	+0	+0	+0	+0	+0	+0	+1	+0	+2	+0	+0	+0	+0	+0	+0	+0	+0	+0	+0	+0	+2	+0	+0	+0
OG0005427	+0	+0	+0	+0	+0	+0	+1	+2	+0	+0	+0	+0	+0	+0	+0	+1	+0	+0	+0	+0	+0	+0	+0	+0	+2	+0	+0	+0	+0	+0	+0	+0	+0	+0	+0	+0	+0	+0	+0	+0
OG0005432	+1	+0	+0	+0	+0	+1	+0	+3	+0	+0	+0	+0	+0	+0	+0	+0	+0	+0	+0	+0	+0	+0	+0	+0	+2	+0	+0	+0	+0	+2	+0	-1	+0	+0	+0	+0	+0	+0	+0	+0
OG0005458	+0	+0	+0	+1	+0	+0	+2	+0	+0	+0	-1	+0	+0	+0	+0	+0	+0	+0	+0	+0	+0	+0	+0	+0	+2	+0	+0	+0	+0	+0	+0	+0	+0	+0	+0	+1	+1	+0	+0	+0
OG0005609	+1	+0	+0	+0	+0	+1	+1	+1	+0	+0	+0	+1	+0	+0	+0	+0	+0	+0	+0	+0	+0	+0	+0	+0	+2	+0	+0	+0	+0	+0	+0	+0	+0	+0	+0	-1	+0	+0	+0	+0
OG0005653	+0	+0	+0	+0	+1	+0	+0	+0	+0	+0	+0	+0	+0	+0	+0	+0	+0	+0	+0	+0	+0	+0	+0	+0	+2	+0	+0	+0	+0	+0	+0	+0	+0	+0	+0	+1	+1	+0	+0	+0
OG0005673	+0	+0	+0	+0	+0	+0	+1	+1	+0	+0	+0	+0	+0	+0	+0	+0	+0	+0	+0	+0	+0	+1	+0	+0	+2	+0	+0	+0	+0	-1	+0	+0	+0	+0	+0	+0	+1	+0	+0	+0
OG0005799	+1	+0	+0	+0	+0	+0	+0	+1	+0	+0	+0	+1	+0	+0	+0	+0	+0	+0	+0	+0	+0	+0	+0	+0	+3	-1	+0	-1	+0	+0	+0	+0	+0	+0	+0	+0	+1	+0	+0	+0
OG0005901	+0	+0	+0	+0	+0	+1	+1	+1	+0	+0	+0	+0	+0	+0	+0	+0	+0	+0	+0	+0	+0	+0	+0	+0	+2	+0	+0	+0	+0	+0	+0	+0	+0	+0	+0	+0	+0	+0	+0	+0
OG0005957	+0	+2	+0	+0	+0	+0	+0	+1	+0	+0	+0	+0	+0	+0	+0	+0	+0	+0	+0	+0	+1	-1	+0	+0	+2	+0	+0	+0	+0	+0	+0	+0	+0	+0	+0	-1	+0	+0	+1	+0
OG0005972	+0	+0	+0	+0	+0	+0	+0	+0	+0	+0	+1	+0	+0	+1	+0	+0	+0	+0	+0	+0	+0	-1	+0	+0	+2	+0	+0	+0	+0	+1	+0	+0	+0	+0	+0	-1	+2	+0	+0	+0
OG0006194	+0	+0	+0	+0	+0	+1	+1	+0	+0	+0	+0	+0	+0	+0	+0	+0	+0	+0	+0	+0	+0	+0	+0	+0	+2	+0	+0	+0	+0	+0	+0	+0	+0	+0	+0	+0	+0	+0	+0	+0
OG0006538	+1	+0	+0	+0	+0	-1	+0	+0	+0	+0	+0	+0	+0	+0	+0	+0	-1	+1	+0	-1	+0	+0	+0	+0	+0	+0	+0	+0	+0	-2	+0	+0	+0	-2	+0	+1	-1	+0	+1	+0
OG0006767	+1	+0	+0	+0	+0	+0	+0	+1	+0	+0	+0	+0	+0	+0	+0	+0	+0	+0	+0	+0	+0	+0	+0	+0	+1	+0	+0	+0	+0	+0	+0	+0	+0	+0	+0	+0	+0	+0	+0	+0
OG0006890	+1	+0	+0	+0	+0	-1	+0	-1	+0	+0	+0	+0	+0	+0	+0	+0	+0	+0	+0	+0	-1	+0	+0	+0	+2	+0	+0	+1	+0	+0	+0	+0	+0	+0	+0	+0	+1	+0	+0	+0
OG0007302	+1	+0	+0	+0	+0	+0	+0	+0	+0	+0	+0	+0	+0	+0	+0	+0	+0	+0	+0	+0	-1	-1	+0	+0	+3	-1	+0	+0	+0	+0	+0	+0	+0	+0	+0	+0	+0	+0	+0	+0
OG0007414	+0	-1	+0	+0	+1	+0	-1	-1	+1	+0	-1	+0	+0	+0	+0	+0	+0	+0	+0	+0	+0	-1	+0	+0	+2	+0	+0	+0	+0	+0	+0	+0	+0	+0	+0	+0	+0	+0	+0	+0
OG0007760	+0	+0	+0	+0	+0	+0	+1	+0	+0	+0	+0	+0	+0	+0	+0	+0	+0	+0	+0	+0	+0	+1	+0	+0	-1	-1	+0	+0	+0	+0	+0	+0	+0	+0	+0	-1	+0	+0	+1	+0
OG0008337	+0	+1	+0	+0	+0	+0	+0	-1	+0	+0	-1	+0	+0	-1	+0	+0	+0	+0	+0	+0	-1	-1	+0	+0	+2	-1	+0	+0	+0	+0	+0	+0	+0	+0	+0	+0	+0	+0	+0	+0
OG0008930	+0	+0	+0	+0	-1	+0	+0	+1	+0	+0	+0	+0	+0	+0	+0	-1	+0	+1	+0	+0	+0	-1	+0	+0	-1	-1	+0	+0	+0	-1	+0	+0	+0	+0	+0	-1	+0	+0	+0	+0
